0.20690662599022705
0.1942349739790781
0.17136645768531558
0.12551396946273782
0.19972969533592055
0.14671977788100318
0.1746335988674368
0.14455835521372168
0.14004521731094274
0.14489173848752168
0.23357613322009171
0.17013271328727642
0.16530866340413003
0.14267423507270188
0.5102535577266175
0.19653873677184586
0.3431055989291903
0.5512205291020069
0.2453037817011651
0.24540768837771343
0.39559303682523395
0.1918508893403946
0.7283580449161999
0.16903348065264354
0.4413212456608302
0.199097335540519
0.17538046848284355
0.3080080491579168
0.513989883496044
0.24203512572826164
0.22175675873084405
0.6570470235562336
0.4552844729662381
0.2068629057886503
0.27644084464620905
0.2675062113973004
0.298214991990669
0.27061620548412685
0.21516377444842255
0.3131791074246937
0.2634208817337771
0.23057272248935004
0.22368839727814196
0.3475149089392193
0.25503974398646334
0.20316050462870738
0.8113425613684406
0.6471679851302558
0.4511471918927505
0.3053099815911919
0.1579166246555708
0.2027862192363684
0.12680825778122798
0.1488394217214345
0.20718254165322672
0.28592870517714924
0.2697031555858232
0.2146541856932937
0.2445169241490012
0.23840760139929626
0.18481905847630767
0.16278251234025767
0.6507981158435422
0.25989767613602965
0.17923438375450285
0.1707559831847948
0.532493138475538
0.26991201017514166
0.5260455302641394
0.22409884901166902
0.19836590253008804
0.15834018000992983
0.31407234532985384
0.22195688114091225
0.17437350395683862
0.44755286614671147
0.2693796655248623
0.19879636411206913
0.22117409144004951
0.47459637770369334
0.23010669347451093
0.2875918380606345
0.21753228879327197
0.21125204790287366
0.46942121711530915
0.23951829135974775
0.1884201495511477
0.13601801510012484
0.26283290796415537
0.3265017172902354
0.14285409133665794
0.14779961780653733
0.14246676219908547
0.24978757544146785
0.31503881770510367
0.3192192873746913
0.19686914213276993
0.45691657845121747
0.22541763173673285
0.20016847188968054
0.21206720272647236
0.2411317158055042
0.2025316862549355
0.24513784231422714
0.14441882137741027
0.12935488035598058
0.2791149419990231
0.16194800835181453
0.1323745499273311
0.11628508564238019
0.1931526168994202
0.26975365382649225
0.23464326822654796
0.3174513497447451
0.2363706433033083
0.31383426603992093
0.24175167349956994
0.27377186955382177
0.1842630072544253
0.18851600117436668
0.17434525333372453
0.12626113791750138
0.2443149349246415
0.5430640159124857
0.2426979754696777
0.226945045414874
0.21883601194351873
0.2152873883090615
0.4090644245124141
0.16471508313580469
0.31797788082094686
0.26702541084082315
0.40159033102998104
0.4701727888963481
0.34704290761917705
0.1861413544103051
0.14325986198026555
0.5233425428943692
0.6518358731608919
0.1798951456674124
0.19734348319411613
0.18875257504948578
0.1887246319760954
0.22512260247765195
0.19736153774769075
0.2261782009243779
0.2183911178260329
0.5046210535260449
0.28654985165637903
0.24116132054658454
0.23237089196932445
0.2179793947527631
0.21781464074712095
0.21971558368451644
0.19451274193719775
0.23723481316705494
0.4065672038307849
0.4281077375887058
0.16978518783850377
0.3373601041848876
0.24712532238391421
0.22232221763564744
0.23044784723934864
0.3165931897031012
0.2547780518976797
0.21017203811127477
0.30189293117855204
0.21797333049875775
0.284216563834509
0.19407009953191445
0.20276420004843376
0.19106746003855143
0.2895893541507524
0.2062733483330399
0.22029336764096297
0.183159433125922
0.24540691293216366
0.2035696692608916
0.4250301216997057
0.24017598761577755
0.19115591828269551
0.1403482965917042
0.4697728042308962
0.22212826733249277
0.15946258386213694
0.5199878585903646
0.22025690779276533
0.21883342891732568
0.15307206571239398
0.18788456730050243
0.13828760284877945
0.15610393345444604
0.1925008627269262
0.2020034314615196
0.19388969628511504
0.2935310127588563
0.24430940868525414
0.2160127472907196
0.20518084561465308
0.14644877269380266
0.1896520976844874
0.18921701065376276
0.15906423981801368
0.1980662328571901
0.5881832676178208
0.495968796006293
0.12611320141871107
0.15226757400062244
0.22513388185379601
0.17688438090575753
0.1573840560517058
0.4676217538218354
0.1759493531744157
0.1568361411773436
0.3324342900525475
0.24122726815887116
0.1606066508185849
0.53282936928789
0.17283974762087506
0.13880495324812442
0.14075717857287898
0.20348845685821368
0.14187664351061766
0.47314012616021245
0.18209766850159112
0.1662691910242031
0.2247645731097146
0.15308183906995562
0.16942492023109101
0.16715628265194343
0.15147690728175855
0.14124778914265138
0.2529550354345815
0.46845515458233594
0.24450855944153765
0.18265197510820116
0.1983496308563698
0.17394336387862125
0.158618520101167
0.17384530852857968
0.14786192161300069
0.26635984886677777
0.1815728763132987
0.12999675756137055
0.13951880622585602
0.16800831846229103
0.2000819119707878
0.16614137871415355
0.274844745899276
0.5899963446720686
0.17380194231949436
0.4012841655349025
0.16693573914570375
0.4023198098602328
0.4263911563611595
0.33722756083542677
0.18897922252578447
0.2319774983774394
0.16817933252989228
0.5205916763206218
0.20247857421159612
0.36120329730439893
0.23069272316210693
0.46317530821981606
0.22904272985287258
0.31998175520201094
0.1996364206309904
0.1825702253163772
0.3330958482809171
0.12680028580791475
0.18770786338700707
0.18609454202855524
0.21419966636771087
0.2958738238013906
0.1923598213987279
0.1979578999576853
0.39075056940237757
0.13059920085319632
0.1558270004239336
0.17187699680756785
0.19002787751930622
0.19717872790919874
0.4501812380417529
0.16283674549055796
0.2619258898595635
0.11999228272063359
0.15235788633009523
0.27429823565589934
0.20874540455344298
0.5081522646247474
0.5593644399686081
0.23515828036829953
0.26320561234797074
0.5457050810820144
0.24531226737323233
0.5198348407342579
0.17608298326712038
0.21086626188618862
0.18551596547908203
0.17677938167518265
0.411852988513544
0.22582442788326063
0.19993452008584436
0.18247467275246176
0.1940424068290034
0.25516504559194575
0.27291295619595507
0.13493882936407248
0.16922496982135798
0.20995691590964796
0.5847931339072288
0.30030343452925184
0.16422752158039447
0.1547571435730349
0.26203875996520976
0.17760944342155846
0.3134198305820713
0.26381563415434045
0.1396151801548952
0.36729094300759757
0.13302224327577844
0.17783032928452389
0.14063255005894204
0.16182470679541963
0.20735456990665416
0.4946386205655412
0.16544577977747055
0.1200852965860389
0.15081075764315777
0.6340093544663344
0.16714041853249564
0.20566397224895155
0.18219655309855334
0.1742374031897599
0.2067055097556397
0.25099772523660824
0.6720089736962269
0.5099321967747953
0.5000946258633868
0.46806564110604837
0.13993567054051376
0.5525872703715096
0.2095144485781262
0.5317046500292593
0.181196383252013
0.20615123104099628
0.2045260587893161
0.18739453191388816
0.17686038044552607
0.20591559987650324
0.2191670943302338
0.7514351193312749
0.13034946061578928
0.2176984671154859
0.20185612429285954
0.19901980594074137
0.5244361997026126
0.20041751570360336
0.23340029123104755
0.5614646291490408
0.14845081588441406
0.21919674435769296
0.17317238151208322
0.20960212926699104
0.18855216337590364
0.4091059415386401
0.4119430035129667
0.39336447230687244
0.14560051408250718
0.21937005586533728
0.1661408586687717
0.20409676927820378
0.47507145943127227
0.16814802642210191
0.17807516445879723
0.602908634933015
0.2127013181737145
0.3485614045002038
0.1502622958404548
0.13978085628012235
0.48239230783982684
0.24148910517112246
0.1374144382374588
0.19949144246287834
0.1892502723583649
0.16578029658400975
0.16988727781337126
0.5707924803042403
0.19893450099688612
0.2364694370848814
0.1598784622108038
0.17695993880751945
0.21921760917800173
0.5172437453642653
0.21125530942694024
0.22007056901482705
0.1713927412864915
0.15636031681913057
0.19093506204325753
0.2391690105348937
0.20272715149267292
0.4822298492003547
0.19506681916117471
0.1552755095591185
0.1985802133737707
0.23531106420518097
0.20871605906050944
0.24835598521092636
0.2647702163117376
0.1300264891214266
0.17463495606547627
0.45037425591009783
0.20218151375304377
0.1678202176736301
0.22976552042719348
0.14424221267523168
0.469227022480579
0.25555777650539196
0.18613744577965657
0.533642369081386
0.3054528432169015
0.5554351242993417
0.15632197088198754
0.2336771180924222
0.21750704585581018
0.17711892758728381
0.4634507699162066
0.3953298175400885
0.15955724568247284
0.35925765699057094
0.33749824964746866
0.19223182153644164
0.25422069405352277
0.2971818814701273
0.17261107017021207
0.2466031177659185
0.2748007232122743
0.26051600273843756
0.2512847490710159
0.23583918720211267
0.221710194239362
0.2585106000118681
0.2605190585311394
0.2899367233207423
0.21798775061235706
0.21261916190300284
0.31977330518497066
0.2498428154631464
0.6442504131140872
0.22307229717189364
0.14694123904422698
0.21980120227923222
0.47474876775536434
0.2241968538272152
0.3447374890417237
0.21495520995585404
0.18234006562532717
0.19740414129588416
0.32551048367162805
0.18344683803932263
0.237943489300095
0.24703937898228331
0.43224874560997223
0.30150923924472556
0.1716812225145462
0.22952413631811924
0.19834875524216294
0.20730604059375046
0.1689414508557058
0.2119697444222459
0.5222695534427755
0.31309913571404485
0.27775661618650055
0.3167589175192785
0.2532160389199825
0.1849923469920606
0.23397093040806127
0.18082197269046335
0.213115231807781
0.21642859870979714
0.19139587786312512
0.2095880411882128
0.601420500870583
0.20366982927274133
0.5359866910359424
0.5430019216607913
0.16248193257297858
0.16970185377783362
0.21354696032115947
0.18199305841802157
0.17785321241267418
0.22906406275115926
0.17117533301426516
0.17729076618413342
0.23125561035743517
0.509875990477263
0.7280862128629129
0.15338635248448135
0.18704883815987164
0.24098342557891766
0.2604491495649802
0.1912676554196306
0.2934675872238221
0.3176225107570353
0.245458934404807
0.29432319294957066
0.17996580041700078
0.15319416366311447
0.3687960799618775
0.19670657484265086
0.25035274401396446
0.28796169328400884
0.5382037212201585
0.17288438503045164
0.30730320291336505
0.2988848304765012
0.24969863932362085
0.17558842103698433
0.24344713401499252
0.22588480769971878
0.24577874477838674
0.17688986940948387
0.17883855381098146
0.2338639418994448
0.275862684304265
0.4621885080814523
0.29223611523441945
0.233342443313284
0.24291676866779308
0.33677145343929493
0.18728922566024908
0.18275051210744953
0.4290889226570067
0.499498429879127
0.2140954152580029
0.10732307031317079
0.26205763918113517
0.28257028263393363
0.30564722009221085
0.6087753870574002
0.17682311198187037
0.3102534391289953
0.22658286614251863
0.22186598586402684
0.2758420267891909
0.2562142468172969
0.1324894163943605
0.29509488623382923
0.29454480458040994
0.29079089557968346
0.18397012105852592
0.22841386903765112
0.26477638912530277
0.2467042159638075
0.1530028150731588
0.16378707997631317
0.17379267879419633
0.40649891589146026
0.2032632116351257
0.434236375809973
0.22030023464091147
0.2087198083015003
0.20793607023138666
0.18380718620431444
0.3703219630659206
0.3096549306261452
0.1667479955685559
0.1987891513732709
0.2530085218982679
0.17070439886446234
0.24842686185280358
0.22476032298227916
0.21514961971109922
0.2100311867840635
0.2303728587755259
0.23615027767197438
0.1557945936323875
0.21366806213216707
0.2416323190645567
0.23588146646802743
0.2068087271953801
0.24090460212933995
0.125947394672052
0.26510190227740865
0.28009473988634853
0.17623701963444127
0.270420153918454
0.18577877257224107
0.37986953713388094
0.3774035409843328
0.41865415373405507
0.15024702772979412
0.15489547081956467
0.4559004811338778
0.22932194387395582
0.16611798042038609
0.2160088528158835
0.30853611386793445
0.1553279841703916
0.17766693778335502
0.2588688465587936
0.3249878192008394
0.5070873980614755
0.18960600096349187
0.27404240475558184
0.3929559575920652
0.12739726086562553
0.1589190741875396
0.3155421767954575
0.20228164718790545
0.23086876310612986
0.28865320383947984
0.18200978592140502
0.16226115115886913
0.24856463284407268
0.21971591285193853
0.4210435700572597
0.19650178055266687
0.20705279855833642
0.18055403847993481
0.23123507083374384
0.26280517213719756
0.20224637213873006
0.18907295433875212
0.19219590383748414
0.1557395890708368
0.1956818650130675
0.17995644518286455
0.18951552604939148
0.5251293263368418
0.20369366751494572
0.15574087114828505
0.4111573341281132
0.2768882526892179
0.22966297768876384
0.13728232409863877
0.2553213447792593
0.2297679572696391
0.2084965343853165
0.2656715786260302
0.5009116382883982
0.19692897565327766
0.19155386913309733
0.22078801894268518
0.15606982810769404
0.1350155408403708
0.2136396409710621
0.33482935166801453
0.24507493957391058
0.23696265318704263
0.2767541355908136
0.314767810457099
0.22740212629761092
0.21131528237236885
0.22091728311052072
0.4064836774513516
0.22752502290699542
0.33540156239681673
0.15261099081712293
0.5024412427894653
0.25781383750948844
0.26519327147991417
0.24834593144863917
0.4412742815122035
0.2029237848269538
0.17858828991599984
0.1486288788493618
0.14398764226606955
0.18764180808452632
0.28699982796294965
0.6428632417582426
0.2576648592166197
0.17396395470878595
0.22246909474037502
0.1883002122290357
0.19973763309834694
0.23378332625448134
0.34661875519371826
0.2061058932988265
0.25350418326012325
0.1795186961750172
0.24659005397059888
0.3480704007660178
0.2677471088405337
0.7869570536794912
0.27352536659888627
0.21604500108380797
0.17014384166592564
0.5766827992407293
0.1916480877942705
0.25449392671530463
0.25138285296370744
0.22708568206518642
0.38074137378128653
0.5600098919969575
0.6809521807234902
0.18284347633377443
0.2253219557222297
0.26083534914902523
0.1481144047420723
0.17274805102904106
0.1978579374153474
0.18782451533631533
0.17007335944982793
0.17963217907664888
0.25989546558260135
0.17758564375667493
0.6431314762601541
0.23122394302563595
0.21830361164388062
0.20266870689357502
0.21117696386412757
0.18545023632132224
0.45808167548802226
0.17039012372380172
0.22220198532595167
0.17080318784631324
0.5308602541579106
0.4579932351032724
0.4166514532186465
0.14863876197075268
0.702922042500371
0.18907258329972662
0.24227425012293957
0.24763020785955916
0.21260871591126393
0.23624251709688057
0.2459008436840262
0.2218128598773476
0.31133644293321405
0.18939742979531324
0.1759937441422878
0.22763501277800524
0.15815333309092594
0.1485899887695813
0.3557166899286224
0.18515439737818196
0.2844136603993671
0.31726221150595185
0.24801635011255205
0.14509294124458705
0.44494471389342144
0.3659507629280624
0.17119952893449425
0.16966466559089732
0.28217720756731024
0.13084443601157217
0.24931697406586964
0.30632289453525263
0.25903364625958003
0.15969068238955655
0.2303034663013296
0.17782617580158533
0.11352143715719407
0.3337769049817265
0.232832715525933
0.20327363559638315
0.19131732628275466
0.22359902600922424
0.21282723499202694
0.25479407190956255
0.34854105134013574
0.19384251143807393
0.21122856201684623
0.5265693693654515
0.17209538827618517
0.2177357854058747
0.5382388744226696
0.424396875568096
0.19313978867299128
0.3221461144250709
0.2369984363868209
0.27600921401525735
0.11319386688379782
0.19784195744302657
0.1985218424461267
0.2826933931541948
0.17846380365976636
0.31040576923980323
0.5000375372179502
0.21067949150163745
0.2466559425724114
0.1882395502101667
0.572276424109038
0.2417769034157531
0.15070252893112548
0.47502148092717955
0.1524300520681565
0.2571612038161598
0.14628898284789282
0.20812168757119123
0.4418707053461733
0.22139501773287715
0.1841217738977419
0.35917973761935573
0.21996804476749865
0.22153798776079991
0.20757424154445353
0.13193319951759397
0.17868867204771066
0.553843778460007
0.1493332711819137
0.16897653533369433
0.3380116371438672
0.17836882238098936
0.20392824382936298
0.46292127212978523
0.158126008310529
0.45809895110891097
0.337541485384634
0.2413381089860539
0.23071764575277523
0.3337004396676892
0.19632650138243588
0.29355086836394473
0.7323059031314498
0.26193477784539726
0.26332042909430176
0.2398083754259456
0.1847107259875306
0.157207009876653
0.4159245531964084
0.22466471987202852
0.2721512604294919
0.1807652478978761
0.13297973842334093
0.17004222417132855
0.17317584438983422
0.15255865051218864
0.21134832232439066
0.18708478496234066
0.34613860177245803
0.15247004921307042
0.6102972218458933
0.16050339161174565
0.2535992856817442
0.21784811219199182
0.14790988423899956
0.15652245498645803
0.2316564811530915
0.3052545004636498
0.1623006572990301
0.187108903862573
0.212488077053849
0.2893748688159809
0.18369215285736273
0.6278911157887347
0.2648490200740006
0.21081315971509096
0.21005218083539265
0.15188900804506186
0.20723578871761522
0.23185857454095735
0.1733419546588268
0.2721888466809375
0.20759363655040847
0.3305924087071102
0.36982332759705144
0.2511567236395772
0.14636047802588908
0.18426082553209278
0.13106729390502295
0.20246074927943739
0.14653196086693815
0.2196468578311694
0.18091219668209768
0.2043796890731246
0.20941317571055582
0.15963423982222527
0.4186788026650017
0.2598222917819139
0.26365063966058655
0.4033512185864067
0.2498004790213648
0.199521549528907
0.427413819366538
0.22812476167337262
0.2718426700849509
0.17119201413872964
0.4597896488017947
0.17887717229470357
0.22763325659484135
0.19612674339642833
0.21927571746232488
0.22397392388503415
0.14201005255833174
0.15831540962778307
0.16773835910296767
0.18640530365495858
0.1895130926169058
0.1999755427318338
0.38430173672296386
0.17291216538872578
0.24024218717816528
0.14448723858856033
0.22618597730565532
0.5175752408543659
0.390854967590261
0.18142524696568912
0.21009937289457978
0.13807684986612584
0.30096456098317637
0.1315445508676827
0.4375090023800681
0.4522093358289596
0.24635024233876593
0.27387989418622805
0.17385428869067696
0.17517681506336377
0.19740642223483099
0.19316535753446007
0.5172685218266078
0.1596760999492414
0.16754324023845504
0.23891607326919773
0.13992809237530554
0.2094163273056827
0.17305431164986992
0.14193636451851954
0.15682711496025506
0.2002707222552596
0.483848108795861
0.6501355340579467
0.17383508024873082
0.17280576904541106
0.1861349014297543
0.3615194723649344
0.23960043546077114
0.1795657922626405
0.18273048912031414
0.21568215755921702
0.15308152212681236
0.2259461701841213
0.20175769726272386
0.20514207068669316
0.26116166831197757
0.6157306141220558
0.15745644742269796
0.501244383879471
0.21626271213421253
0.25123472761813076
0.10780338161470839
0.17086004377823713
0.1305200705817114
0.2074980503120134
0.11777977106864788
0.21283441895673813
0.25786774640236054
0.20947120386606893
0.19162632663193477
0.3041539179776514
0.26288149732893606
0.19966683889164286
0.23451238779074643
0.23198738722623935
0.18124923096846804
0.24644608902759294
0.4761242329659685
0.18885184834624777
0.48815564495643676
0.42257819083863446
0.16886943539773283
0.14766333248341434
0.22609065671666198
0.13023662590510987
0.21324484368884886
0.17332692560049778
0.3779264460757634
0.20843109677227262
0.252325798157345
0.127005232358464
0.3002062290476111
0.1546580603666048
0.35105458638553877
0.1755668621931267
0.15993572773313555
0.3575998392992731
0.1628848818131675
0.2285621528960777
0.5084369491420072
0.17114269459308593
0.19811673391323278
0.17260755271178949
0.30976898620516746
0.17145748593319382
0.21018305043545893
0.18855167910019055
0.17689996587750303
0.22978825253939714
0.24644297183913585
0.27718424847883544
0.28015815012645745
0.24694613149270228
0.19797704772341043
0.2306155892810737
0.23968707867912134
0.22537349714006216
0.19439304624574022
0.177495377491665
0.1840199716594682
0.19671150688457598
0.25616856699708834
0.28222007040778735
0.17785369221695937
0.13379454808414998
0.14438596224416897
0.20963961158096797
0.5019220769734488
0.20040574371312256
0.2708482977942412
0.3202997335328379
0.2778655238664036
0.200379033326289
0.18164452996614588
0.5691797214066066
0.15686972641713642
0.22174246786481308
0.22983615634145071
0.17593719418698037
0.12403993354257349
0.15782495407364802
0.597805586940542
0.21956656856740786
0.1360454451365361
0.1372876534296078
0.19884034654225688
0.30513235418682366
0.20375029667389943
0.2341766638305681
0.28617708124988595
0.5441286243913124
0.28811705419394434
0.22918600599074807
0.23132534879785926
0.2986283937435374
0.4280905737978646
0.2553861731930747
0.11913592133228379
0.5368723102698143
0.12161118310753617
0.1689957626085507
0.12028287461077194
0.1572347695542962
0.23483819436938586
0.17839527801208305
0.21878858386171315
0.2543191777375348
0.19773912299706584
0.528104562366328
0.4674880144704165
0.12392530286699133
0.103750434492321
0.1537164923116193
0.25313259276738165
0.24141073173294053
0.2120399774722107
0.4007276056166822
0.23131748637474125
0.1879822589898477
0.20200627710361133
0.11894738939210875
0.3167790155057888
0.17870688810331958
0.2141205365539759
0.27661216210935374
0.19776611460286747
0.1378190648060252
0.22436465316230528
0.38894795183067127
0.5398701047457045
0.1382533073984294
0.16440248878556227
0.19795989347247872
0.15004023321842871
0.24647521369068767
0.10018603834988951
0.16120754417642538
0.18942278888719616
0.20800312501240306
0.1720631492676409
0.19636152354630443
0.22144725326928255
0.16017661459017657
0.22187366681041382
0.1583958434707598
0.21034715194988554
0.13530070891194806
0.33597707216132977
0.17262354610388175
0.2886618169897923
0.17315340339052349
0.4266514712085056
0.35272629124645344
0.1850062545165787
0.2571430111549489
0.12088600130548423
0.26870462872715745
0.18431599842684057
0.20615855637805997
0.6442823462154799
0.20618111903902472
0.17355360950452642
0.1723365132724672
0.17703352250470344
0.18176120550444913
0.19225593454967074
0.18664163854074892
0.5764097017628469
0.23656959871267894
0.24183041385313994
0.5236708255697902
0.222883083162966
0.5380031267180586
0.16868448177245504
0.24301568693271128
0.2471821708098443
0.1383309231509224
0.22893440768432083
0.42193707574804434
0.5491822097070219
0.20221661922076378
0.18204741345489336
0.169923618814489
0.17225742363580795
0.14418569380259127
0.23347621222927806
0.21204070848428525
0.6170920036626508
0.15028469349208276
0.15613645286452524
0.3041514704455708
0.2426077109952603
0.16505723411831685
0.19805571426571117
0.1757342943671307
0.31183169040866104
0.199775281881755
0.21171326794135797
0.20249855051242288
0.39800189301173766
0.21781850049349885
0.15882066139825216
0.19394624541369826
0.20507241759176686
0.2536606423932571
0.21096120609024424
0.11172505576469013
0.5610490206140561
0.12607385983003364
0.36454902162329594
0.2685098243773749
0.23426114892195343
0.19002581345173788
0.17417524018929736
0.21078689220299573
0.2602704569278675
0.13097483194451306
0.24224098970275665
0.25495266380599574
0.42734165456839074
0.12727208855980185
0.18717133145251313
0.18534412066202996
0.1965291750090339
0.19621554171811098
0.34526698301609493
0.25972119987971715
0.24314563898714234
0.20136118744797005
0.2569047192081005
0.3351377024569316
0.15864739794644434
0.2805360834018566
0.1795268462200955
0.6133556354220766
0.2084500196840321
0.2702161680870038
0.21853509049436096
0.16573176563218794
0.26809288257619424
0.2621220897832803
0.1839675508076989
0.23281069709305968
0.2331717580030449
0.19695810466821886
0.5473850903881164
0.16256112557663877
0.25349613652378183
0.2581039891994719
0.24971960800997503
0.17535787596309857
0.2445210297122535
0.23878146910805953
0.2507253587609131
0.3586200935902031
0.34691075590782616
0.38107131166765645
0.3313545934763763
0.38272806876619797
0.3081890651670621
0.2541177530477296
0.7397687596859959
0.4040783361945451
0.33100509812722345
0.2723361671894345
0.27135355417411955
0.3178509162552509
0.290669619551387
0.30126041357666333
0.33004348107246156
0.35764856519997723
0.29492460621966754
0.3780894757070262
0.30014905453214635
0.3639708414981119
0.34004856069513734
0.22360374192485113
0.5436808383412488
0.3170443228043877
0.24124753304164845
0.21821967766569536
0.21722038810357433
0.5701296669025492
0.44550074015503255
0.20731351001789747
0.3407857272027365
0.21104243568142952
0.3312241765793781
0.7287895908897554
0.34546073027495566
0.25645740386461474
0.6304389120270932
0.3485619110046465
0.26716073686806563
0.3207734132077047
0.4333235865220373
0.34851661894366015
0.34738550310899025
0.40348095154582814
0.31646663284430215
0.4024579334301893
0.3951588079132838
0.2958714320478847
0.22574893064973672
0.30122148595643483
0.4058190009377315
0.5192182796704984
0.21073558684682223
0.41776657468126205
0.29959069685532286
0.3310365665699079
0.3153974326427775
0.24863720765181632
0.4872737391999457
0.398158894815098
0.3141376567359048
0.322669983804979
0.22733581629338973
0.27916304176568657
0.3769594764375643
0.20901065161991655
0.32786560814647536
0.4091571957014641
0.25576522322434814
0.47552999483523506
0.34675627598664505
0.3837437446836185
0.2640679475237543
0.3873930116809653
0.41836179617406843
0.27818836488404697
0.27675560933666615
0.32386130485752046
0.3336507275217788
0.28255332983589215
0.3374566499376075
0.1654598248359561
0.317888334991024
0.32591096493123284
0.27781146276835256
0.25906568175146133
0.3997792452666318
0.3672657156856389
0.4196928917126875
0.2854252461796081
0.3106674606929126
0.32527137752788776
0.5710616823924345
0.3116624243598108
0.24594470820519473
0.34005450512976215
0.2860006384890348
0.2460550757002286
0.6766580930326436
0.23501937229457737
0.19959253946223285
0.31228181611644296
0.279514535529956
0.35021509247625304
0.4715061496773376
0.3150323792891229
0.3114731988921287
0.31756897137530393
0.36265388751481425
0.3170859253333424
0.3297593492179848
0.35913606447320895
0.2773974281432913
0.31807793948062973
0.452392502272108
0.33176334340481445
0.4865963116379838
0.4630471145164253
0.6368606984780972
0.3667044610331556
0.7307123616236673
0.3932906931146442
0.27716680982183844
0.31300485086435353
0.2884470336754131
0.3684410812617639
0.5076599715617173
0.22593176372838764
0.21728617431286157
0.4517762926721089
0.26380024427208215
0.29080937969396403
0.31207539292698
0.5798829848571865
0.3164770036680218
0.23248962027582137
0.31285572019230284
0.27105911626475265
0.27282641336533825
0.6288751752106727
0.27119278917266976
0.6780922729942338
0.245545898037223
0.4183390641701326
0.3658700861332118
0.6680793244812537
0.23948344550570894
0.3847582062071024
0.28197853319076865
0.548665637423248
0.3156785776114799
0.2729191975143533
0.3760236065484447
0.31490198684614223
0.24410667640663472
0.5738672035252498
0.2981523082369502
0.33332116162881
0.5775850471602921
0.3057639312709773
0.6153684100205167
0.3611145320002986
0.35081953313988024
0.3810193338030099
0.32873964721067467
0.40778402491299043
0.32358265314842977
0.3213567211055905
0.32811133090654254
0.2874430162563473
0.2347634970397976
0.4080359041556151
0.4710080984807572
0.33168910539637997
0.3635855104522988
0.2157004405320312
0.3462476550748144
0.32673062476089115
0.6006717272309925
0.43746305402589536
0.38948389649863513
0.316155758437694
0.3078966924653849
0.3804270604671268
0.3071321973228265
0.6265486495301597
0.3829203526222355
0.367754577488826
0.3317359863601719
0.35400035627256493
0.30147196376600754
0.3515652279234251
0.33063504287215145
0.5678974739576188
0.2739168703770421
0.36415551575212946
0.2662446443298685
0.4181744898314792
0.28823781766259127
0.2972874251862093
0.3018842304362578
0.32105504005157876
0.248303271116678
0.24684126324510264
0.3459396340871805
0.3184388502336435
0.3507955000231267
0.2582201416427682
0.4552927843194545
0.2996847648052782
0.2712822970832017
0.45000218700652683
0.5835127911461939
0.35159445867124695
0.3813201833256699
0.20934544067573035
0.2564502105617585
0.6935723206278679
0.26952822985627134
0.29427017647077647
0.6073390134212557
0.2959653125786729
0.6312957036120332
0.2697483604846787
0.2829086055311366
0.24151005975042852
0.2785355830776917
0.19525390405999773
0.2979480049322279
0.24393845981742515
0.49057574145614036
0.22706257880835892
0.23173759704076538
0.3199158529668307
0.5347497974732667
0.24096480883823557
0.30950077254935254
0.23806133675944602
0.2756236476505842
0.4016105096663952
0.4304613542713481
0.2629594780677509
0.30399602400227654
0.15184446696454515
0.14585013146585302
0.3136020992403055
0.2617562640468696
0.39083072984736456
0.12055348867423687
0.5870476783401741
0.2659400521358773
0.20618035960557793
0.18163931987890758
0.32212801125830304
0.6083680570250369
0.222659314656992
0.20507787500007296
0.21608379258476462
0.1867866063810402
0.5859504857275986
0.2057425531761859
0.5744060910960566
0.25510726914571075
0.21310695655007464
0.2609755262278462
0.16302508626852905
0.22074447066436537
0.19013337039589043
0.19853335595198032
0.7475883733716835
0.4623963510036117
0.1586798575956462
0.20482046794420097
0.16581631261645338
0.24654777157978025
0.3281715313593494
0.608344334248268
0.2808505927052818
0.491695305866455
0.21357669965669182
0.17041745546594578
0.14532958111638072
0.25677725114062594
0.3337555723395096
0.5654848308943852
0.7689530915334268
0.5631008076039631
0.22751665029233326
0.4309763091701359
0.1853748132899032
0.31048109553338066
0.17958769378231745
0.21141639464967177
0.27168803868438907
0.602664117961175
0.244968656222774
0.18179665875521298
0.4396746516964067
0.5932096342177183
0.17516013145971687
0.21497755207229197
0.14313475183019336
0.2653269570931892
0.2453530586768618
0.20379673974334409
0.5532315435951409
0.1338792284216382
0.23706588555450925
0.5165150808093693
0.7629302175086431
0.2686826703672316
0.18330286588207098
0.23721376382171822
0.23885229993240828
0.27792675297069985
0.22081036962332462
0.18924215955678492
0.7028754811960098
0.2587825572916895
0.37363036864823884
0.27461263224221344
0.23330164669078193
0.16747387984601034
0.25262472459098967
0.6162703637731477
0.18914118471118177
0.2552234810028042
0.23124057117165048
0.16948130028843386
0.1905485241426253
0.3137951153199918
0.38152309500383347
0.6347475738983921
0.1493653758732887
0.28638290180744785
0.2301405612699431
0.2852541917909559
0.24827307947536517
0.43059655159887245
0.4075633529076339
0.3155172799382123
0.22916831434635818
0.34785893006698193
0.09120858725289864
0.2746740340785256
0.2512703903160016
0.24835373311606204
0.21890612093272996
0.32206176378814744
0.405624752932273
0.3014795255413125
0.45491769678926375
0.27348508588736054
0.3299861458595557
0.3573475717812491
0.26848313648457545
0.3522252325862596
0.2999209097685139
0.2946380917724117
0.26005008006205144
0.6018474136062446
0.36167574220894955
0.30789602236857444
0.42358331198468263
0.24517692673604594
0.26064352035441773
0.21758547161718966
0.4095618679268608
0.3382947343340338
0.3030169775137812
0.28295460193825606
0.2871971278131244
0.4986130016484732
0.3240633677914413
0.2361310757421619
0.2948743660205087
0.2875748968820943
0.2979318347530937
0.3572703276926653
0.44630324305138297
0.23642589790280577
0.3133718367567852
0.3111094890807906
0.3302439408160948
0.49963588280038707
0.3951015503382611
0.6282175904065541
0.31592650923225274
0.41517911078434266
0.3167056925145979
0.23310257146549837
0.43101087701050744
0.34781784830266915
0.3642517990787024
0.19894287937291252
0.23274848864964678
0.2365330880663591
0.3447557416184205
0.3063602966019764
0.39760836959853085
0.3131847988993066
0.22519690467162057
0.3831428439432348
0.3404091106062777
0.4049102739637981
0.6057812360404816
0.44088610999889705
0.21531575977007922
0.2206296772421188
0.488521065410129
0.37895715579437506
0.17172112945116536
0.16549338617875034
0.1849490628833417
0.2062167914234638
0.23096593216194036
0.2508453615408643
0.21925866945853745
0.19080572206163182
0.16103899182702147
0.38154300946735153
0.1978924943037907
0.5833259339819101
0.24668830889167614
0.14292603112702057
0.548879856653836
0.2377935867811284
0.15799854497713392
0.15955027838379934
0.23468664117635565
0.1782241075373959
0.25195227073789533
0.40115624515789094
0.4267809159102595
0.33738094165006877
0.5622022826443515
0.19134167372938318
0.2762499425763362
0.15205375432373547
0.2338940355473761
0.21975653518167637
0.28595386184835964
0.2808652737039148
0.2342292087868037
0.40294032821984815
0.19528763690281895
0.6217126365949199
0.19076935215970425
0.26107105753035825
0.15951491019587424
0.46123689498960196
0.2915570368296138
0.15084814882335137
0.16430773750335098
0.5384412174738081
0.41555675438902034
0.2595476094126002
0.2545237034787981
0.18603177535641272
0.2611563372194608
0.22247784342347707
0.17934915875782
0.4136924096577825
0.26499768929297596
0.2838522678422578
0.4557902371652549
0.15491379630084756
0.21844252989150215
0.2566834525795242
0.1826152552200763
0.4012745538595465
0.34516693510534985
0.21485640418612156
0.25261733740472303
0.4462978213628837
0.6444316932541244
0.5718636506575434
0.1888254556138549
0.17255430386607287
0.5445304270100321
0.19658211169334927
0.20866914713378357
0.195474519479824
0.20984046319275085
0.12565014771748945
0.18525532896297825
0.2383146858859455
0.193614425381577
0.20984109754669478
0.3690725227361723
0.3182791827769797
0.5489836366886105
0.2608552393972159
0.20856927540570958
0.23822703996343414
0.5478436174154973
0.20385805453369354
0.4436504048726718
0.29118316068926015
0.14236918367200535
0.19981600321001497
0.17163939548886278
0.186659259269646
0.1537824871067877
0.5005449143061752
0.1734611229025487
0.1633435415062582
0.49189080885502134
0.1487719994144804
0.607386767220915
0.17139631517112452
0.21818369175806265
0.4277511912347912
0.17581824197960305
0.6135873630196059
0.26842641054688976
0.28647037336451286
0.1515357621497307
0.17357521623321426
0.1263351259329208
0.16464822219174985
0.17356544193670065
0.19100674302407422
0.1796286240351436
0.13237906853448084
0.1982114395557246
0.5278418006818846
0.575703146271598
0.15849386026243972
0.2811414290299118
0.13939098195877048
0.16213799447159288
0.2532063050909669
0.2448035868126774
0.5051684058658062
0.24076363558368036
0.21302853780685763
0.17507037388430646
0.1907345516039297
0.17656894066823883
0.2620110228248162
0.17786203945789242
0.1925961413543964
0.1946150699974688
0.1981706551655116
0.17842376700796955
0.23578059850522579
0.2026026260515067
0.18965168769287086
0.16014853754491337
0.16206970021701195
0.3785158827638713
0.15197116910711944
0.09374959738089313
0.1673591690376953
0.47974662332119417
0.44328584516365976
0.5349290405148351
0.1534226037051334
0.13481879056648954
0.17694943774984467
0.32131084153560197
0.15925129788334144
0.16163508351531178
0.20364268271133107
0.22727238202308533
0.11681743015891499
0.21677531075205736
0.3516106603301452
0.5907677757219753
0.18381701829619096
0.3587970503851561
0.1547058420116444
0.20892036907154432
0.192823254212718
0.24671441476243583
0.10723147405213933
0.6596561171933878
0.26267710839631186
0.4230956235927138
0.19719083908918975
0.21251761085736884
0.6364441987866897
0.14409205557294802
0.14493614486420361
0.2030527657465501
0.1605568214297892
0.17507713765428104
0.14601171151766149
0.2173997842495639
0.17548379073413048
0.1954600215076393
0.26650378946281217
0.17846412735883974
0.6714359727354838
0.19695288277062864
0.15766276172989094
0.18251661146827092
0.15637883863145194
0.13352853199494233
0.18558262021777627
0.5040801651827767
0.3683122062479376
0.1527244148748023
0.23300353710656704
0.1611591760244032
0.195175698520773
0.4042230012712942
0.15527602092709636
0.19844377978432942
0.2202549474246157
0.2005860276436339
0.2474284579136352
0.22989280631564024
0.2489109753381333
0.16454920845645613
0.17198584357895283
0.21372663603339248
0.1678536972772356
0.19245177043150494
0.13055766643782676
0.16561818979408585
0.1748043761369683
0.24084061441495172
0.5722345350470533
0.5873003507368382
0.18404998864218589
0.22194634927547913
0.5248086936101563
0.45463618165812336
0.4719898354603733
0.5749125091907018
0.2055524248384989
0.40810306370492183
0.6315839604788785
0.2029787739472698
0.20788877408599396
0.14078356844702933
0.4953016174275029
0.5211937539725968
0.17702813406376652
0.18041496337947474
0.20526983295485848
0.6668533658294803
0.23421363497525627
0.21242474672135794
0.13960898010046843
0.20272091318952437
0.34271181183750377
0.2227100175396055
0.19648017225853998
0.22476428112305388
0.19005053735105018
0.26467992805208984
0.245966329663706
0.1568139182612437
0.11477715734065974
0.45813678447723355
0.296112109954104
0.15750824787296547
0.21987927242173788
0.39619571453726193
0.2886270890281517
0.41770298826896324
0.589880815560818
0.2075123652074644
0.18845331766697512
0.30844929611975364
0.23237942095777778
0.32810210205657336
0.14856813685454084
0.1741121417954189
0.26309945987181077
0.44527912630459554
0.13133152007694476
0.18522216865102892
0.128939900633031
0.5896183746312964
0.18254410280168798
0.18243788287840712
0.3478255510298481
0.2019272378624711
0.3487259920590173
0.22790500411660453
0.22493812709329739
0.6100669241482186
0.17745985272592274
0.15448182536890637
0.47444708508792277
0.1779096705770349
0.5385593420861664
0.2253651894302329
0.21652720348838148
0.14547823585059969
0.22579441850774104
0.4051025135318116
0.15386479562578653
0.24343711635083187
0.4962937555934353
0.1474155717785893
0.14583919365007053
0.5865291323023228
0.4100352460189912
0.19109693453110882
0.5397078135844172
0.22465977706955154
0.1819755643439953
0.553975132640931
0.5468064152830899
0.5043157674466316
0.5450763946239597
0.12498421313933437
0.14852992599199724
0.46808695174442133
0.17677690115369693
0.21326277748238653
0.32916826463184534
0.3992881750881663
0.17714769847869363
0.26510998447354234
0.14323142666987385
0.23283407948362128
0.6901502852479311
0.5727719237316821
0.19657860932420174
0.22304285621001183
0.12824371695083334
0.15758751933883944
0.44847194911948157
0.22148550425508312
0.5320945725211376
0.2559371199510065
0.22802838429623393
0.21145394155483616
0.1829432458712965
0.16759356655158889
0.13447758308970326
0.3178563126954892
0.193562059528658
0.22657445502122533
0.26795826983309295
0.192459412969335
0.19583190710974693
0.4369676093778767
0.22921766740600108
0.6141515844235244
0.15646087749077703
0.1661191383493347
0.5991738635579669
0.5284530744229045
0.15285114853332732
0.18851796755494057
0.199564341932703
0.17174802580003642
0.14073941239701443
0.24799192902088088
0.3113103902106986
0.3876008005181355
0.1519991045817312
0.13798796989471548
0.1612065071204681
0.20773982956931886
0.25117879121585557
0.16775921857873446
0.15415274502176265
0.24302375735128368
0.2419593458075694
0.2938982981372484
0.17289700716697717
0.17861191624188016
0.18737163720600308
0.20877208089768703
0.2192205290798711
0.22880976755958765
0.1913939344512079
0.2126835791490991
0.2947421599214474
0.23220953823769644
0.18913173437173775
0.4025032275152593
0.21402805306458678
0.2761661513962157
0.41885454273341793
0.19997424942838227
0.2583514938195916
0.2920168887170181
0.1806997785751628
0.20977817489689382
0.19704720673326123
0.2080070233291846
0.5433140661802668
0.16907042118147078
0.637920285109518
0.12212448689987623
0.23663998894756488
0.19032978923553862
0.19022861813475347
0.28347485632352276
0.5153303096066147
0.20467158076691497
0.16682943969754177
0.30362437543125526
0.1647680453396048
0.2352694268199157
0.15560292666484857
0.32193976757775417
0.14923545817821124
0.1290283303766074
0.30309357597190245
0.23696983320160736
0.3388118825686847
0.12667360243084713
0.228903809135
0.21896635293561245
0.16967007636321166
0.24111370931303966
0.22162855549566948
0.2476455968652147
0.22741973649253444
0.17393640255625292
0.4644408519036853
0.17528075125754194
0.1574990092901357
0.1994543856882227
0.1962386848324662
0.5210531234747038
0.20903775963636945
0.4971661776671056
0.34071130978317676
0.23153979062354488
0.19602503232285748
0.3838557390037002
0.31124047158429363
0.5902242488184057
0.1800408397556335
0.5736696769251364
0.3212229039893477
0.20020588124228605
0.1847158551406035
0.47513280806575453
0.17059824758246428
0.17708743303705443
0.6337347572643982
0.16909877428701617
0.224673585068163
0.22518346634359118
0.16708161606834568
0.2268484945241546
0.13683142913435994
0.1984017132847148
0.2288004881425671
0.19188077306425314
0.2527972999714095
0.18701144143500578
0.3955877728765519
0.2066018917293615
0.16907117752397402
0.1730304850504397
0.5987796682807223
0.6102896539980244
0.4477746537547761
0.27106535270704213
0.19239948018414757
0.16227527916206916
0.24702518424901446
0.12374462684416862
0.2218402437694196
0.28152394657362095
0.14872679769298258
0.32841764125237405
0.1796919804635403
0.17666307983257926
0.3340001016337466
0.22548279353340817
0.6036552835945106
0.3836490877232326
0.21773748781535637
0.2127202638411453
0.20099108232368068
0.292269991875708
0.17073031602775546
0.24467773959790817
0.11146884019422616
0.21870113111752484
0.24013927555807768
0.42331208127643905
0.135021660399827
0.22827164264264102
0.23079532788580656
0.21087702607174422
0.441469404852764
0.20195981846350372
0.573037144733682
0.20157834100946265
0.435128255160691
0.19511799367777038
0.5785464768112984
0.23910871179379162
0.49226569963305633
0.1563675547723168
0.17250910434168543
0.17648807798305227
0.48974316619276415
0.1470230725041619
0.22345513531757089
0.3127014015513073
0.1725546275024637
0.1461780635428401
0.25034711523422404
0.3751417965723535
0.12506670290890323
0.34226870079597127
0.2291601853302526
0.1617263903508563
0.12890958679100753
0.42410742266683754
0.4099807636832734
0.41536077471215
0.16735669327956376
0.13388179084888235
0.5793929102681108
0.36083322351839114
0.24202716702956675
0.17358390326160236
0.4432623860934721
0.18272454935795568
0.42444001580091323
0.19687708197950762
0.17273777694160194
0.6539194523193523
0.553802070039819
0.6162901265578354
0.19906786710232974
0.2828639821777226
0.16110650466383003
0.42876369798581754
0.31661173177413143
0.20543254847332218
0.19051384152051892
0.4003617226979815
0.5710554006284444
0.18955184040874418
0.19009204042956593
0.19972816056081974
0.21523547380680785
0.4377658399623083
0.18760030191861835
0.3839663648038713
0.16725292980640855
0.3455150188498456
0.22031951311087097
0.23283958122112886
0.25909903394716854
0.41493093389649055
0.20124952389395476
0.20086626129510715
0.18252875854657508
0.27875469557271676
0.15223005059258019
0.2591569193428747
0.17528196065617024
0.6716214612313273
0.22777987133203909
0.16164769417485159
0.4960916616022704
0.21843897835863774
0.2710190257421205
0.556210898615726
0.34795792072125914
0.25860466601630483
0.6600321744338258
0.789760444743049
0.17895387566803858
0.22249894970374018
0.3394650418628107
0.1256330184442943
0.5836287313619947
0.25470642472195465
0.19711887978590678
0.16121835703647147
0.1618697985818532
0.41946941905217605
0.17906580210852968
0.20307145672197027
0.322753191443886
0.2933746860686104
0.4378909151283431
0.4097071360898664
0.16408243024775016
0.1819268697968792
0.6071059806667998
0.20614689595112742
0.1957404382865943
0.6677882399702345
0.14660577981510925
0.24951241384264072
0.29464727314495437
0.22381977840716527
0.1718856953554426
0.19631808666898304
0.20030431307570842
0.21738419607244513
0.15514211887624052
0.38413184255222715
0.17777418746069845
0.1505611830467008
0.4500497228187562
0.16999495207524412
0.2140086327376198
0.1687177537490365
0.17146116622208105
0.47835321743360376
0.1748004513897004
0.18016712300340906
0.21906044396802635
0.15411241873790543
0.2039048219830298
0.22072689471007628
0.14566413602446784
0.5007570802704047
0.26228394728951254
0.15863508574833998
0.3274934584839009
0.41243011793630724
0.1187314197080408
0.2441058124303918
0.2039543961944287
0.22255858144932467
0.34206763068402496
0.1853174093508417
0.17826748430282918
0.17309192668566173
0.27565591285232033
0.45641161762184784
0.15489375290995483
0.43979367826318566
0.7854868253030525
0.21383291715056923
0.20266718820834342
0.1887947190638096
0.12682358409102984
0.3142068139366875
0.17018392534089677
0.19602207568875316
0.2005397930965053
0.1664616154677344
0.23526217831412538
0.17109216546996353
0.579177935469898
0.5172426733401021
0.16700215449788466
0.22346724794493109
0.5535729866537425
0.1825242493769917
0.18323369482783228
0.15952808030578927
0.2338775606207232
0.6757124311437721
0.19076086948357357
0.44437996631282345
0.6917032119831117
0.5620901094267501
0.47198720337823835
0.6737899190708739
0.8305784194395165
0.5208338743013935
0.6481659893081381
0.4293873298772
0.2066020755651775
0.4806655200089589
0.38735294572826745
0.7792447564850216
0.3795321837314949
0.8482457882680702
0.6712011428389162
0.6401796006153808
0.49206039946986513
0.8412565434497778
0.6048204759586615
0.6927566022485574
0.47467294729867376
0.6802059582056956
0.5953281362756537
0.5525677173429504
0.5552132898926226
0.6890237691578562
0.702718954744781
0.7038753089516423
0.7162411355083675
0.7351432812247464
0.438700677465585
0.7782429476674263
0.7856355631593134
0.5302695666299823
0.5978350547825905
0.6736253300136329
0.6684794670014617
0.5915682836654687
0.6210231449569215
0.594402146108542
0.7494207405129195
0.47296162148889154
0.6746556314366673
0.18859886129564377
0.814189082902073
0.7813973346353813
0.6939933770446214
0.44970440122229605
0.633246753094979
0.8080716385869726
0.5942570081865762
0.5568707112075262
0.5114109276836813
0.21615472488499937
0.4465387238746299
0.49891215551471146
0.19714995506295233
0.6976686089087586
0.7003872358510017
0.2942696192845885
0.7999201922939243
0.6738552966831576
0.7355473983832939
0.2160170310131445
0.5994724792878591
0.3761076961413543
0.7114555468546959
0.6365547664138763
0.7899036830469077
0.8076687214906358
0.42478156530111116
0.6155769797358467
0.48109895416524606
0.618879799890535
0.4239490931093976
0.42431356046998914
0.5735844987785238
0.6217691236662025
0.30499932675988206
0.6560673988882918
0.5780908529204387
0.7951004568218035
0.8518885756244994
0.5173065075131791
0.7687199204165386
0.7935193015979464
0.7666541148658252
0.8191197874795871
0.28419926680773305
0.22470519689872132
0.6572490786629654
0.7533330003106694
0.48670721832827474
0.8252336070561163
0.5526827074775152
0.5872741869842456
0.4974269931961112
0.7371349397537225
0.4492074337235124
0.5328099857224916
0.5586259393356008
0.5058790864408165
0.7703010870729743
0.7843899209561026
0.8429625693924636
0.865249989112735
0.9149800002544493
0.7864645654887704
0.7279193033520305
0.4061306244492502
0.7076462070112501
0.7990510270456457
0.17195967812533916
0.5787059950756059
0.8462352780144461
0.5714233748230242
0.7926775350387458
0.4847147643021753
0.6246634979331569
0.4014428430939761
0.7164965480677301
0.8093662540595603
0.8099536049824017
0.7479859904467995
0.8010312704795974
0.847421869619359
0.16326316174838515
0.74866927626546
0.5792071609975848
0.900071939092377
0.23769530844732376
0.4753756485900488
0.7944176205685199
0.7786754527140942
0.6470269724989319
0.8383117852165755
0.4984265016210979
0.6352470116121139
0.6352895713185821
0.40530287181279845
0.47472994245881295
0.5280169549696041
0.4858550945650279
0.5663174518762893
0.8064497139504786
0.7395601648756595
0.2800611314767958
0.15084157674789325
0.7413648685924231
0.558540397834312
0.3891142730897124
0.4333024034673758
0.6848039196238269
0.6640916216888911
0.8957485762022445
0.7803185925579114
0.8293196844854883
0.736375825273081
0.7010246581033914
0.5017410289410118
0.5617075891712028
0.8330521915097735
0.715003284714866
0.5686636956051947
0.6738415542562112
0.7379332903967426
0.8117041868409683
0.6114231745391616
0.5914312609954051
0.7856392311199571
0.8709906858552431
0.6851611442519661
0.7423803856412686
0.579748633280269
0.2143852230366966
0.1755738624920472
0.5265041666619471
0.3756138372309688
0.8029656401821458
0.7691725973743182
0.6398478368033969
0.5081462352904301
0.5150940526768384
0.7403364024797662
0.5226654184619417
0.5113906392279897
0.7303382631899595
0.7417463459975356
0.7714547613581252
0.7230613323647223
0.6843617656009637
0.6250280030689372
0.6689156603640467
0.8137669079689719
0.25475208220462237
0.6115023306289826
0.8105658595636753
0.7473922223711285
0.4566721359464881
0.7590753349552797
0.8273509554806764
0.2407875992631535
0.23396092522339113
0.7977821264484668
0.600524302339089
0.745060802525992
0.821644936289226
0.8467439234821998
0.751745664300556
0.6172646583854472
0.16303708523057342
0.8140740714093627
0.19845702393843292
0.6757816090164873
0.4535536190819262
0.408370443033717
0.4388150156053666
0.11798911778519132
0.21798676853709242
0.7041595049572902
0.5856894772346118
0.7220580868790321
0.7960819333671662
0.803146151884472
0.6005946167087465
0.8323233287994419
0.8084074992768167
0.5524241205571038
0.5207642634000405
0.5684935642282272
0.8050710668103911
0.19849380243057413
0.5278282043631127
0.7084547999228826
0.3206196538218973
0.7520039090487726
0.7339104364650341
0.797275575457623
0.734784253734797
0.5688118100318126
0.8704402154503701
0.49701519052236454
0.5776333605322492
0.7981399101646458
0.7639579925597164
0.7382041127558879
0.3589802100983131
0.3513619126609655
0.5440324181179508
0.7142942888162814
0.2015486578432777
0.5088299527564465
0.1549285378967321
0.8811488534653499
0.6259873401696305
0.7779461516849134
0.44624703318222053
0.6320245075640095
0.8466428878873715
0.33323985810509393
0.373446746978344
0.3098515862210167
0.8323095828498629
0.728298184218106
0.6557870334355076
0.8749300410409033
0.722792208349084
0.5112525325354285
0.7779799279631702
0.38552603250599915
0.4745109067417798
0.3683697802650619
0.6024890298699166
0.13125888529828275
0.7121780295862241
0.7818213175850297
0.8013409106174262
0.6177441868665641
0.7331523771797275
0.7627144328340623
0.7304243472219035
0.8438702014894548
0.5253111849115191
0.60563463215478
0.5199783525129675
0.757642873221587
0.7370388265980605
0.7408439140844522
0.5834239409281671
0.28847473230151033
0.7492339831701038
0.7383114212222087
0.631832353990354
0.8412501784472248
0.46490872892339397
0.5595569355246655
0.5236905418687564
0.5536086499019613
0.6076198686976508
0.5309671003866527
0.5563063850817646
0.40488352511898723
0.8150770374833555
0.5349765123197581
0.5100955676544445
0.4310520581221527
0.7299306598827233
0.17257650504662195
0.7362756466456869
0.8603348442281655
0.7557026896860181
0.6653419671892208
0.7941738555662163
0.7909475760814427
0.8821087052980896
0.8361660427952521
0.46911966476912453
0.6970791619386314
0.6084114429859595
0.7366988500786188
0.6173574112233718
0.16950512718169905
0.4914305875025645
0.8414595189306262
0.18231211440522935
0.1510255796745545
0.307525299649562
0.7880659059033063
0.7969478006989031
0.41368526137232203
0.692394506596591
0.7675821205068617
0.6030607339695294
0.5717540625842078
0.6004580824490392
0.7987861566839725
0.4127020936982493
0.8094315760435608
0.513284567165824
0.5289963541170446
0.17557645419096587
0.1911307463729024
0.23515454626192983
0.8560220706317964
0.7802220845528423
0.5304118713352262
0.55311775661646
0.28064936915051353
0.7662875866394536
0.7724389975201248
0.4966376956487844
0.8294537292651377
0.693223407167789
0.8014833978613128
0.8093468734862639
0.5658462482663883
0.7376406682220868
0.4976389514440396
0.8616982953903224
0.8462670934870676
0.6608241336939797
0.5402156973426555
0.7304818389288407
0.24772737710641446
0.4898685719554298
0.514089720969545
0.6544186573981733
0.1931437381545529
0.7869284391016289
0.6491288847959018
0.7341130728959443
0.5703539103626716
0.5986696804292151
0.14836992920589936
0.4902228126279913
0.5288350928603848
0.6848824323266777
0.4359730910267321
0.7491346379183392
0.8224611315677673
0.4040026755741497
0.7431980216075026
0.5658192201357964
0.3854198107736216
0.5538480584830389
0.5475857581526714
0.20545403229958506
0.5054837886048854
0.5351158884282623
0.8338548865269659
0.6202266701960011
0.6496699302894402
0.7104673415768892
0.17664105065113397
0.23838522318081476
0.6815508990257153
0.7408713414817902
0.728654112340082
0.7559512207520465
0.48973394876336157
0.5683848650176015
0.16952335030806304
0.6349240725755472
0.29749531021011694
0.4129658202211234
0.49053377974225093
0.8639187192480489
0.17314792565220125
0.2467478086792879
0.8944436739538594
0.7437354125816894
0.8538635109659267
0.46223160209454034
0.6363846359073553
0.7808611660754687
0.5861493409737446
0.4777548663841869
0.766552977089908
0.7092846781105808
0.7070859429119345
0.7529695114260302
0.24066797487011146
0.47340563883352177
0.2562178603078859
0.25838336447526195
0.8610410999422724
0.6638144987223251
0.7886261181679746
0.35860818567788344
0.35421551757558284
0.8050013340125254
0.7740696701508591
0.7713617598203915
0.7853890988611505
0.27063982145194493
0.7485469303879064
0.5066212872232876
0.5904190595401281
0.6523323852847241
0.5582355953019333
0.6591146206205076
0.5684222549761937
0.17480597392153452
0.2814339077300095
0.7615188630361849
0.7545799791791699
0.7089302943459501
0.6052034601084685
0.7346043474741474
0.19992566616679217
0.15976750771485101
0.222090744829377
0.8651851475027479
0.605344959185911
0.1846888681467748
0.8665417758921568
0.7930962563957025
0.7682389360935619
0.7016246500591116
0.6981297320553688
0.6462036267892689
0.5147805511389214
0.7603050454230806
0.864589322470708
0.7071796329609442
0.7931285927750644
0.7799867391623669
0.7738869124520755
0.8467627515808819
0.8107394977762316
0.6890951088433471
0.718922689824168
0.7625146550895863
0.3619309825342786
0.5192501689546202
0.6656366623295815
0.8031499943741623
0.7593737613444174
0.5686681150710782
0.5618519197419837
0.4026290064380526
0.5502269910063464
0.2387713262336419
0.2058479807872434
0.25241953540308143
0.6010181179511239
0.46271806094453294
0.6768145629816591
0.723684426043938
0.3988097441368801
0.6425405444279296
0.5259836610233146
0.7049548565044852
0.22615693570182477
0.5034185808640769
0.5014586730333828
0.5990303464672442
0.6524888470981347
0.5325543437656985
0.1788390860913306
0.7225462646305577
0.3749717713333883
0.8240007926760411
0.7491852977394459
0.6500950363618696
0.6161555175754408
0.7040573134760632
0.6681670397744357
0.6407131433636313
0.5310408604186612
0.7546448141956107
0.563061144835528
0.37898829306285575
0.1970348811356269
0.21783367245607096
0.36738512501111215
0.8074860574722361
0.8118263778047645
0.6428235759582764
0.7659626809348733
0.7785040482086977
0.5027679723390563
0.633409901893868
0.43291355944713805
0.2917663800521737
0.6674519836705706
0.4345601671461082
0.5695404281368017
0.7232824963388326
0.5837280053581044
0.6691874060357965
0.7179096498137783
0.8904077401246622
0.6634606996971993
0.1896530446162469
0.22748544208684485
0.7768302825103727
0.45387046342251863
0.6276964146773971
0.821199077841993
0.6897668249048674
0.5911064001372968
0.6723946556767878
0.5950622644923712
0.23622637567510565
0.6821366268792972
0.7659816315996001
0.7861715757130903
0.819772654343644
0.6131659950825483
0.5384970818109005
0.26182207270482993
0.8094093714673544
0.5722448461824677
0.15460051784282525
0.6471265190505916
0.5937630100183473
0.4004736253022429
0.6902843381773132
0.4688093693175393
0.6610970014977208
0.43386582870617396
0.6599591378778901
0.2558259562383384
0.41545873893362684
0.5079617297288714
0.6467243056953588
0.7452892384741784
0.6299233110791981
0.3763176737511726
0.4322207062955188
0.8546679353876179
0.5050244132829211
0.5485085764591228
0.6877776189680861
0.5308707124883473
0.5463790081605129
0.7555483844447148
0.7158755236871963
0.7487505073313365
0.5555752331827145
0.6570353396993763
0.8796869547334418
0.712769862432936
0.6446233765906401
0.7557240915319808
0.18692568510422888
0.22756121548025912
0.40618819422477803
0.6984656510674137
0.6201019941134678
0.5897605948317276
0.5775780981029761
0.5720082226452663
0.2214653055202579
0.39525797203173724
0.6016733399441512
0.7192941679908627
0.5994289956260893
0.7550010582967565
0.7518847013389467
0.705683380975723
0.8695686047584116
0.5998777993309313
0.7509672694109436
0.8043892582681299
0.6576793339816682
0.5066305007532055
0.42738264220432065
0.3688423337028539
0.2233979447157746
0.5262247977754495
0.8638923562305911
0.6883736391786808
0.626939825220451
0.8308057089075688
0.747826007478394
0.8103761577917946
0.7881135373278048
0.8687715247323498
0.6991367146141269
0.466599497008613
0.3152331117718063
0.4437893948822485
0.7068904577308394
0.5496913275047534
0.7057796335247146
0.5393711266666877
0.4574666864509818
0.544518948413649
0.7170645767196665
0.6995055590671797
0.7162209246671334
0.5368071191230711
0.4385503367415586
0.32126663580856246
0.5434035407606759
0.8250020146098542
0.7821528122731656
0.5850875609223093
0.8397589988845908
0.7896618718108802
0.5077960972552215
0.5444103728117073
0.8684291118025019
0.8071450603423856
0.7516465939709032
0.7440409171783225
0.7999805132481513
0.6565214431612462
0.7722467947936076
0.5764686006890074
0.7686013032711689
0.8747917973332965
0.5064415360784239
0.48221313584231323
0.47575361215985273
0.7988094150217302
0.7224692094192755
0.42180958438040134
0.6931775426275812
0.4048817301334628
0.23546741638929608
0.5599549046557211
0.722251971512231
0.5481242364858447
0.49103170738157337
0.8484917819263714
0.7299459889610876
0.5044769700979066
0.548077067256016
0.5054482666521672
0.5315788099349482
0.5120306113600849
0.7622501830330328
0.4314778112134581
0.49757062286221404
0.6510766075945977
0.6312445433240059
0.6225725388761449
0.495035444268405
0.48360361495540716
0.7666660112008428
0.5813587474705448
0.7812020810650776
0.6791468201794533
0.6638147947800738
0.47162010036785823
0.5850441574564874
0.6977940851964111
0.6528241734545674
0.6610161839693481
0.434975008637987
0.7801120460693046
0.4305348984421679
0.5620042888310124
0.4440557592356871
0.26092737514280384
0.7201070932884257
0.5898096446639843
0.7579796104693157
0.669880946658819
0.8232184749955058
0.5474884723441265
0.5613065923830208
0.4946631332471525
0.18242328763895585
0.2387713262336419
0.21606668677245858
0.47485577547492963
0.6442939815058334
0.7897558599249418
0.8049364734846933
0.7617522386864444
0.49861444667500315
0.15427326629624527
0.6403258663199027
0.648295712501096
0.8195115144094605
0.5353991661864967
0.7365638373825546
0.6662007591879627
0.32357205252200527
0.5626980964425004
0.4555673564743101
0.7501562195791723
0.4505302639020441
0.8068664559501836
0.8867950156316559
0.8900840363163561
0.6745988854294686
0.7059986190995798
0.6817157353992463
0.634039542506725
0.7226685639215592
0.7281691500318052
0.5887511951066865
0.8593340032883474
0.7574220349658822
0.6375951034390852
0.6425652051443294
0.651191802596324
0.5269198323094956
0.5052516222246475
0.4319879983677002
0.459307529343782
0.658409362177634
0.7342873909142479
0.6872997997526619
0.6194754161589049
0.7558514704106117
0.527180670318216
0.7446997363992203
0.4496105597047129
